10001258
10001268
10003368
10020289
10020291
10026303
10026304
10026305
10026306
10026307
10026309
10026314
10026317
10026318
10026321
10026322
10026324
10026325
10026331
10026333
10026334
10026335
10026338
10026342
10026343
10026344
1003528
10040445
10048319
10048334
10048517
10059205
10059208
10059242
10059939
10063498
10063688
10063693
10066047
10066653
10066654
10068573
10069135
10069693
10071789
10071798
10071804
10072569
10075164
10075166
10075167
10075169
10075171
10081506
10081508
10081511
10083443
10083444
10083445
10083446
10083447
10083448
10083491
10083493
10083969
10083971
10083975
10083979
10084007
10084008
10084011
10084015
10084016
10084577
10084832
10084841
10086083
10089041
10091189
10091199
10091469
10091487
10091875
10091876
10091929
10092388
10092458
10092461
10092462
10092482
10092483
10092484
10092485
10092486
10092487
10092488
10092491
10092492
10092493
10092494
10092526
10092532
10092533
10092534
10093178
10093179
10093215
10093216
10093217
10093218
10093219
10095595
10095596
10095861
10100227
10100233
10100234
10100235
10100237
10100258
10100261
10101295
10101297
10102854
10102948
10103147
10104727
10104728
10104729
10104731
10104732
10104733
10104734
10104735
10104736
10104737
10105054
10105056
10105057
10107849
10108017
10112491
10112702
10112744
10114486
10114756
10115601
10115602
10115603
10115604
10115607
10119561
10120248
10122202
10122391
10125228
10125229
10125231
10125232
10125233
10125234
10125528
10125529
10125531
10128894
10131134
10133487
10133556
10134438
10134439
10134441
1013730
1013773
1013775
1013776
10138004
10138006
10138007
10138008
10138009
1013851
10139473
10153966
10156974
10157728
10175217
10180439
10181639
10181662
10181665
10182518
10182525
10182526
10183175
10183461
10184743
10185349
10185437
10185444
10185445
10185447
10185448
10185449
10185451
10185452
10185454
10185455
10186168
10186171
10186185
10186236
10188018
10188019
10188023
10188025
10188026
10188345
10193651
10193713
10193714
10193716
10197521
10199407
10200115
10200488
10200574
10200577
10200582
10203462
10203516
10203524
10203921
1020434
10205054
10207267
10207268
10207269
10212698
10215711
10215713
10215714
10215716
10215719
10215722
10216224
10216231
10216237
10218545
10218607
10218953
10219002
10219405
10223918
10223921
10224643
10225143
10227519
10228952
10228957
10229131
10230052
10231058
10235844
10243331
10252531
10256494
10257828
10262376
10265418
10265827
10265829
10265832
1026608
1026610
1026612
1026744
1026745
1026777
10267848
1026839
1026840
1026842
1026851
1026922
1026928
1026929
1026932
1026934
1026935
1026938
1026945
1026948
1026949
1026950
1026965
1026966
1026967
1026968
10277468
10277608
10278379
10278381
10278382
10278411
10283263
10283264
10283265
10283268
10283271
10283272
10283273
10288854
10289579
10290323
10293285
10293286
10295796
10296609
10302343
10303419
10303422
10309245
10309246
10309247
10309249
10309251
10309252
10309253
10309396
10309398
10309399
10309402
10309485
10318209
10319897
10320749
10320752
10320755
10321463
10322507
10323283
10324852
10324921
10326098
10326403
10326406
10326413
10326414
10326417
10326419
10326434
10326543
10330388
10331051
10332045
10333699
10334531
10334785
10335158
10336103
10336104
10337971
10337973
10338011
10344041
10344118
10346119
10346423
10348378
10348451
10348452
10348453
10348454
10348604
10349003
10349989
10349992
10350604
10352254
10354069
10354121
10356438
10356439
10359598
10362869
10366072
10371216
10371882
10372141
10375842
10378246
10378247
10380144
10380145
10380633
10380637
1038541
10385837
10385841
10386888
10388163
10391925
10391928
10400648
10400677
10402252
10402718
10402721
10402734
10402742
10404935
10413037
10413038
10413039
10413041
10413048
10413051
10413067
10417632
10417633
10417634
10417635
10417636
10417641
10417642
10417644
10417648
10417958
10420154
10421134
10423696
10424195
10424352
10424353
10425302
10428734
10428737
10428738
10429729
10429754
10429768
10429769
10429771
10429772
10429786
10430628
10434999
10439463
10439464
10440224
10440226
10440227
10442956
10443588
10443872
10443873
10443874
10443878
10443982
10444042
10444046
10444062
1044799
10450809
10450811
10450813
10450814
10450815
10450817
10450819
10450821
10450824
10450827
10450829
10450831
10450832
10450833
10450834
10450835
10450836
10450837
10450843
10450844
10450945
10453463
10453464
10453468
10453469
10453471
10453476
10453477
10453478
10453482
10453484
10453489
10453507
10453509
10453514
10453515
10453522
10453538
10453544
10453548
10453551
10453552
10453581
10453598
10453599
10453781
10454577
10454612
10454613
10454616
10454617
10454618
10454619
10454621
10454622
10458999
10459001
10459002
10459003
10459008
10464262
10464264
10464266
10464287
10464288
10464292
10464296
10464297
10464298
10464301
10464303
10471698
10473098
10473101
10473105
10473485
10474238
10477956
10479642
10479644
10479645
10479646
10479647
10479648
10479681
10479683
10480707
10484368
10484369
10484412
10485071
10488081
10494511
10494525
10495305
10498923
10498924
10500962
10501089
1050514
10508811
10511392
10511393
10511397
10511398
10511399
10511401
10511402
10511406
10511408
10513633
10513648
10516122
10516123
10516125
10516128
10516132
10516135
10524989
10526781
10526782
10526783
10526784
10526785
10527672
10530006
10530007
10530895
10530896
10530897
10530898
10530899
10530901
10530902
10530903
10530904
10530905
10530906
10530907
10530908
10530909
10530911
10530912
10530913
10530914
10530915
10530916
10530917
10530918
10530919
10530921
10530923
10530924
10530925
10530926
10530927
10530928
10530929
10530931
10530932
10530933
10530934
10530935
10531261
10534441
10534442
105348
10539561
10539759
10539871
105399
10541983
10544944
10546382
10546383
10546531
10547182
10547323
10547324
10549017
10549018
10549031
10549035
10549047
10549058
10549065
10549066
10549069
10549074
10549083
10549086
10551774
10551776
10551779
10551781
10551798
10558895
10558896
10558897
10558898
10566158
10566159
1057089
10571712
10574002
10574603
10575514
10575524
10575533
10577239
10583718
10583879
10588755
10588778
10590564
10603162
10603172
10608281
10608282
10608283
10609089
10609478
10609587
10609588
10609918
10609926
10612072
10615126
10616473
10616491
10617726
10617734
10617736
10620133
10620499
10620934
10628001
10630387
10630388
10630389
10630407
10631828
10636056
10638851
10642941
10643422
10645185
10645468
10646086
10647722
10647726
10647793
10649422
10649423
10650472
10651456
10652747
10652751
10653173
10654189
10654934
10655207
10656367
10656368
10656369
10656892
10656967
10656969
10656975
10656978
10657038
10657692
10660575
10660576
10661089
10663033
10663045
10663049
10663051
10663054
10663055
10663056
10663062
10663073
10663081
10663091
10663097
10663099
10663104
10663111
10663113
10663117
10667632
10667633
10667634
10667635
10667637
10667638
10667641
10667643
10667644
10667645
10667646
10667648
10667649
10667651
10667652
10667655
10667656
10667659
10667661
10667662
10667663
10667664
10667665
10667667
10667668
10667669
10667671
10667673
10667674
10667675
10667676
10667677
10667678
10667679
10667681
10667683
10669822
10670324
10671728
10671742
10671761
10678325
10680926
10680927
10681686
10681687
10681688
10688433
10688434
10688435
10688441
10688447
10688575
10688796
10688797
10688804
10688808
10691217
10691218
10691223
10691311
10691312
10691313
10691314
10691315
10691316
10692181
10692182
10692183
10692184
10692185
10692186
10692187
10692188
10692189
10692191
10692193
10692194
10692195
10692196
10692197
10692198
10692201
10692202
10692203
10692204
10692205
10692206
10692207
10692208
10692209
10692211
10692213
10692214
10692215
10692216
10692315
10692316
10692317
10692608
10692611
10692612
10698953
10700603
10702347
10702349
10702351
10702352
10702353
10702944
10702963
10704935
10704936
10704937
10705031
10705034
10705511
10705731
10705733
10708489
10708504
10708518
10709625
1071254
1071263
1071277
1071280
1071329
1071330
1071331
1071333
1071343
1071344
1071345
1071346
1071359
1071367
1071368
1071369
1071370
1071371
1071372
10715031
10715032
10715037
10715894
10716588
10716702
10718969
10722758
10722759
10722761
10722762
10722763
10722764
10722765
10722766
10722767
10734826
10739142
10739143
10743008
10767392
10767393
10767475
10767482
10767484
10767486
10767495
10767498
10767501
10767503
10767505
10767508
10767512
1077187
10779061
10780068
10780098
10781648
10783084
10783093
10783096
10783097
10783101
10783102
10783127
10792469
10792471
10792472
10792616
10801315
10807916
10807917
10807918
10807919
10807921
10819862
10822072
10828264
10836223
10837458
10837763
10844293
10844294
10844297
10844309
10845632
10846993
10846995
10847582
10847585
10851549
10855115
10860768
10860859
10861897
10861898
10862316
10865897
10865898
10865899
10865901
10865904
10865905
10865906
10865907
10865908
10865909
10865911
10876742
10879594
1088346
10887581
1089555
1089556
1090487
1090492
109440
1108817
1109757
111051
1115973
1115977
1116133
1124376
1124377
1124378
1124379
1124381
1124382
1126722
1128490
1146190
1149885
1158156
1158195
1158201
1161790
1164282
1175898
1182510
1183684
1187581
1187587
1187596
1190399
1194155
1200606
1201084
1201520
1203181
1203208
1208173
1208174
1209506
1211868
1213162
1218147
1218194
1218212
1218217
1224676
1231300
123156
1233411
1243950
1246644
1255313
1255314
1255315
1255827
1269053
1269054
1269055
1269056
1269058
1269059
1269060
1269061
1269062
1269074
1271320
1272882
127401
127402
1274409
127721
1277457
1280783
1280784
1280791
1280792
1280794
1283136
1293689
1299400
1299403
1299405
1305257
1306455
1306464
1306465
1306467
1306468
1306469
1306470
1306795
1307347
1307350
1307352
1313909
1313984
131406
1314195
131479
131567
1316595
1319476
1320773
1320978
1326246
133996
1353810
1353917
1362667
1364096
1364996
138008
1390397
1393300
1393968
1399153
1399670
1399671
1406038
1409209
1409212
1431178
1436924
1477171
1489251
1490837
1499335
1499338
1499353
1502602
1503503
1503504
1505413
1505415
1516838
1537098
155516
1565753
1577178
1577352
1578082
1593255
1595995
1596011
159848
1598812
1603724
1622235
1626564
1633646
1639444
1639448
1640259
1641190
1644632
165101
165151
165158
165162
165165
1653536
1653538
1660832
1660833
1678358
1678365
1682760
1682762
169313
169314
169315
1701211
1701213
1701214
1701217
1705286
1731360
1731457
1731501
1782779
1788246
181707
1820927
1827409
183559
1836946
1864801
1864802
1864804
1864805
1864806
1864807
1864808
1864809
1864810
1864811
1864812
1872372
1886065
1886655
1902305
1922135
1929765
1944241
2012649
2071110
2105535
2105551
2105578
2115552
2144334
2172278
2186748
2257298
2257299
2257301
2260239
2260763
2261916
2269042
2273872
2273894
2273896
2277720
2277721
2277725
2277730
2291534
2291557
2291559
2292021
2295118
2311930
2313410
2313413
2314170
2315046
2320300
2321650
2323247
2323248
2324215
2324218
2324220
2326813
2326814
2326815
2330097
2352125
2352131
2352132
2357495
2358535
2358549
2370997
2371045
2371046
2371048
2371049
2371051
2371054
2371055
2371056
2371057
2389087
2389448
2393960
2393961
2397389
2399586
2399596
2399603
2399617
2399620
240344
2410098
2410099
2424844
2425284
242942
2430724
2433598
2451120
2451123
2451125
2453359
2456113
2456114
2467147
2468381
2474630
2474717
2474741
2480061
2480073
2484532
2490718
2492380
2494339
2496558
2505011
2512611
2512615
2528179
2528225
2528228
2528232
2528233
2528234
2530214
2530727
2532192
2532216
2533938
2533943
2546199
2551255
2557091
2557129
255785
255790
255901
2563159
2570783
2577904
2577907
2577908
2577909
2581348
2581354
2581360
2593133
2611782
2611799
2612239
2617286
2617980
2619528
2619844
2624356
2641420
2656006
2656036
266806
2677612
2682852
2688579
2690848
2691080
2694935
2700660
2713153
2720826
2724779
2746800
2746801
2750862
2754298
2765979
2767849
277301
2784658
2784663
2789266
2793939
2795776
2821383
2821394
2821418
2843098
2849313
2854549
2865984
2865993
2868005
2868034
2870871
2887406
2887482
2913587
2920381
2920386
2920427
2922571
2923578
2924232
2924936
2932017
2933729
2933730
2933732
2933733
2933735
2933736
2947021
2947525
2952032
2971974
2975948
2989495
2989498
2991497
3001890
3004368
3004469
3004471
3020305
3020320
3021084
3022158
3025525
3032679
3043595
3045296
3090421
3098536
3098861
3098866
3102662
3110287
3120191
3120194
3130005
3136169
3137334
313866
3185526
3243536
3244988
3244991
3245026
3245028
3245206
3245241
3246055
3252585
3252594
3252604
3252608
3252620
3259965
3259973
3263601
3263603
3270241
3270246
3270266
3270267
3279062
3292179
3297958
3302578
3302580
3302581
3302582
3302583
3302584
3302585
3302586
3302591
3302592
3310210
331153
3342433
3342450
3342479
3344077
3344078
3344080
3344081
3344643
3367736
3393425
3393426
3403943
3403950
3403988
3418931
3440269
3440270
3440819
3479540
3484001
3488451
3495304
3502241
3504288
3530539
3530928
3530932
3531315
3535647
3545632
3548630
3549186
3549705
3549706
3549708
3549722
3554056
3554057
3554771
3554814
3557237
3576245
3576246
3584357
3584809
3602700
3613470
3620907
3624578
3629152
3635889
3638567
3649319
3665156
3665164
3674950
3674998
3686461
3686462
3690719
3698253
3698256
3714065
3714222
3714524
3720568
3733683
3733684
3733730
3733737
3733789
3733790
3733791
3733805
3740008
3740418
3741770
3742269
3744603
3744929
3744931
3758795
3763531
3776351
3776398
3785047
3785817
3788951
3789696
3789702
3789705
3794462
3794466
3794468
3794469
3794470
3794471
3795971
3801561
3801709
3801710
3802514
3802532
3802544
3802545
3802557
3802575
3802588
3803851
3807328
3807360
3807364
3809490
3816011
3842054
3842662
3843839
3844988
3877347
3877348
3877354
3883845
3883846
3889072
3907378
3907379
3907386
3907387
3912704
3913864
3917669
3930086
3932224
3933119
3933123
3938845
3941419
3941420
3941422
3941423
3941436
3941444
3941460
3941461
3941462
3941465
3945233
3945379
3947560
3947561
3947562
3951004
3953415
3968784
3972758
3974750
3975151
3975913
3975916
3991556
4012843
4019430
4019431
4023588
4023589
4047670
4048392
4053500
4053501
4074404
4074405
4095459
4098136
4098206
4098207
4103605
4104810
4104938
4105905
4116303
4116305
4116309
4134418
4136035
4136036
4136037
4136038
4136041
4141599
4142880
4151734
4151735
4154916
4157789
4162295
4167732
4167892
4170815
4171341
4172139
4172141
4175124
4175125
4175128
4175134
4177783
4177887
4177890
4177892
4177896
4177898
4177899
4177900
4177916
4177918
4180618
4182037
4182359
4187809
4191118
4191127
4200474
4211349
4211352
4224397
4233829
4233831
4234095
4234405
4234408
4240002
4240846
4243213
4243261
4245554
4245555
4245560
4253260
4258317
4258318
4258322
4258325
4258326
4258327
4259752
4259762
4259769
4259829
4263340
4271604
4274017
4274864
4275350
4276027
4276029
4276039
4276046
4276050
4276061
4276071
4276073
4276075
4276077
4276095
4276100
4276110
4276200
4276207
4276211
4276244
4276266
4276276
4276284
4276316
4276386
4276400
4276405
4276407
4287146
4287148
4287391
4287414
4287728
4288767
4290493
4290504
4295803
4296080
4298813
4298816
4299390
4299391
4301030
4301031
4310342
4311435
4313777
4314793
4315654
4320164
4321438
4329163
4329958
4329959
4346652
4348373
4349447
4349454
4351960
4351961
4351962
4351963
4351964
4352298
4352421
4352422
4352424
4352432
4359211
4359212
4359213
4361254
4361755
4366751
4370174
4370560
4371024
4371519
4376551
4378005
4378006
4378602
4378603
4378605
4381509
4382398
4382511
4388490
4408850
4409958
4409998
4411810
4423903
4424314
442632
4428303
4428475
4429019
4433656
4438985
4439159
4439852
4442164
4445531
4447912
4448637
4471194
4473130
4479102
4481978
4491806
4491815
4495496
4498107
4498131
4504521
4505157
4514170
451712
4517857
4519059
452132
4530876
4530889
4530992
4532729
4542669
4542671
454324
4543415
4543423
4543428
4543447
4543456
4543464
4543468
4551251
4552074
4552499
4559961
4565727
4566140
4570908
4570914
4573383
4576602
4576611
4580544
4583509
4584208
4592676
4595416
4597569
4599092
4601139
4601140
4613473
4613752
4613803
4620450
4624146
4624181
4624183
4624526
4628117
4628118
4628119
4628121
4628123
4634738
4637231
4643507
4643508
464512
464513
464514
464520
464595
4647180
4651994
465208
4656278
4659864
4662844
4662867
4662868
4666072
4666077
4671591
4674123
4674126
4675454
4679741
4679991
4693432
4694132
4695057
4696867
4698443
4698445
4698457
4698458
4700023
4700026
4700126
4703687
4704267
4704268
4710220
4710221
4710222
4716399
4716400
4716441
4716442
4716443
4718296
4719408
4725173
4725845
4726775
4727331
4727517
4727532
4727975
4727988
4729449
4730754
4732971
4734245
4734752
4736572
4753802
4757290
4760638
4762464
4763676
4763684
4774905
4774906
4774908
4774909
4774912
4774913
4774914
4774915
4785177
4785178
4785180
4785959
4789561
4790860
4808572
4811666
4811671
4815043
4815045
4820088
4825954
4825955
4826135
4826141
4826149
4826151
4827521
4828453
4836759
4838313
4841414
4841415
4841417
4841418
4841429
4845449
4846085
4846897
4846919
4846926
4847304
4847306
4852984
4852987
4862563
486261
4878569
4879735
4879737
4887218
4887968
4894543
4895722
4902486
4902491
4902496
4902497
4902498
4913054
4915296
4916117
4916529
4916701
4918788
4918790
4920701
492389
492391
4928145
4928421
492929
492933
4929805
4933231
4936522
4938155
4938156
4938157
4947386
4947705
4951179
4951181
496486
4965145
4965549
4966387
4966388
4966896
4967866
4971832
4972939
4977446
4979349
4979355
4979356
4979361
4979362
4979371
4979378
4979407
4979425
4979433
4979434
4979439
4979471
4981419
4981425
4981441
4981940
4982712
4983435
4987631
4987633
4994091
4994093
5002827
5009224
5010792
5010799
5012651
5012823
5013825
5017189
5017195
5017197
5017218
5017219
5017227
5017230
5019422
5034613
5034753
5034754
5034755
5034756
5034758
5036793
5043568
5046486
5050299
5052095
5052134
5052138
5052148
5059063
5065101
5065106
5065270
5065515
5065516
5066328
507406
5075735
5075767
5076317
5076397
5076398
5078220
5078226
5078229
5078496
5079776
508053
5084086
5084454
5084654
5084658
5084662
5084663
5084664
5084665
5084675
5084682
5084687
5084688
5084690
5085218
5085219
5085221
5085224
5087886
5088764
5089742
5089743
5089749
5095812
5095851
5099576
5101987
5104402
5110541
5113364
5113742
5114732
5114778
5115100
5115101
5115399
5117583
5128645
5136286
5139248
5144518
5162404
5162405
5162406
5162407
5163381
5163888
5166300
5166302
5166390
5166394
5166395
5166397
5167701
5167702
5167707
5167714
5167719
5168602
5168783
5170263
5170554
5170568
5176872
5176874
5177075
5177291
5177298
5182827
5185631
5188498
5188499
5194382
5195489
5198849
5204527
5204529
5204536
5204537
5204538
5204553
5205368
5206470
5206472
5215492
5215890
5216753
5216755
5216759
5219807
5220504
5227364
5227373
5231213
5231216
5238719
5244329
5244497
5244557
5247684
5251408
5251410
5256167
5262294
5262344
5262382
5267247
5270045
5270047
5270122
5274332
5274909
5274930
5274947
5274948
5274950
5274951
5277495
5277497
5287699
5294627
5296011
5299443
5301679
5301683
5301684
5303320
5303321
530807
5309225
5311227
5329656
5329711
534813
5349161
5349241
5352622
5363601
5363602
5364665
5375857
5378478
5384542
5386134
538621
5388002
5388004
539167
5395816
5399512
5400710
5400713
5400724
5400732
541291
541305
5413386
5413737
5416432
5417944
5420643
5422447
5422702
5423419
5425739
5427729
5428369
5429985
5429988
5431738
5434665
5434666
5434667
5437540
5437541
544373
544449
544470
544492
544504
544516
544521
5447178
5447179
5449177
5450187
5450744
5451953
5453841
5454196
5462447
5462455
5462462
5469492
5469493
5470279
5471933
5479908
5481841
5486638
5487630
5487631
5487632
5487634
5487635
5488865
5489669
5491636
5491820
5491823
5491826
5491833
5491834
5491836
5491838
5491839
5491841
5491843
5491844
5491845
5491847
5491848
5491849
5491851
5491852
5491853
5491854
5491855
5491856
5493262
5493266
5493273
5493283
5493291
5493296
5500469
5500480
5500505
5500509
5501191
5502593
5502595
5502596
5505007
5505008
5505009
5505010
5513426
5515357
5515365
5516649
5523861
552973
5532893
5532894
5532897
5532898
5532899
5532900
5539794
5541296
5541297
5541299
5541300
5541302
5541684
5545311
5545382
5555181
5555323
556121
556728
5570234
5598591
5598592
5599632
5617865
5617885
5617886
562477
5634789
5634793
5666499
5666524
5666527
5666538
5666543
5666548
5666551
5666569
5666572
5666589
5666592
5697819
5698312
5698326
5698327
5751088
5752555
5798410
5798411
5798434
5799525
5799527
5799528
5799695
580872
584101
5863922
5864519
5865451
589621
589622
589624
5927000
5927011
5927012
5927013
5927014
5927017
5927019
5927021
5927031
5927032
5927036
6029747
6032782
6073248
6073491
6073518
6117032
616158
618803
622696
624651
6247992
6247999
6248901
6248902
6248903
6248906
6249664
6250702
6252371
6252372
6252373
6252374
6252375
6252958
6253515
6254616
6256152
6256154
6256156
6256158
6256159
6257811
6257943
630819
6384010
6385000
6385002
640594
6436664
6436904
6436910
647467
6489182
6489187
649393
6494359
6494364
6494998
6496109
6496110
651659
6531922
6532376
6534371
6534633
6537348
6578113
6581360
6581362
6622407
6622408
6623805
6625513
6629797
6630528
6631187
6634137
664234
6708747
6708901
672285
673076
673796
6753935
6754107
6759365
6766060
6766536
6766541
6769895
6779354
6780590
6781031
6781038
6781039
6781041
679859
6826846
6828546
6830001
6830662
6846285
6847626
6853478
6853480
6853481
6853486
6853487
6853491
6858787
6858795
6860746
6860748
6860749
6860750
6860751
6860752
6860753
6860754
6860755
6860756
6869406
6869409
6870364
6872164
6880956
6881741
6883222
6883584
689155
6892345
6895472
6895791
6895792
6900388
6900675
6900996
6900997
6901436
6903892
6904565
6905695
6907395
6907396
6912533
6912534
6912788
6912789
6913096
6913495
6914575
6914576
6914582
6919107
6919647
6923712
6927462
6927463
6927465
6927469
693600
6936225
6936227
6936740
6936742
6938875
6938876
6939374
6940978
6940981
6940984
6940985
6940986
6940988
6940989
6940992
6940997
6940999
6944495
6945689
6945699
6946089
6948926
6948927
6960875
6960880
6960881
6960882
6960883
6961494
6961495
6961496
6961917
6961922
6962336
6967321
6970472
6970483
6971518
6973182
6987893
6987894
6987895
6987903
6987910
6988510
6988525
6988526
6988529
699718
699732
699735
6998304
7003768
7003777
7003778
7003786
7003787
7004377
7004378
7004379
7006283
7006367
7006416
7007684
7007685
7009715
7010169
7016017
7018650
7025946
7036408
7038910
7038974
7038980
7039496
7043258
7043261
7043955
7043957
7046086
7046087
7046089
7046095
7046614
7046616
7046623
7048573
7050208
7050214
7059167
7059216
7059246
7059361
7059366
7061084
7065985
7068436
7068442
7068588
7068589
7070782
7070787
7070915
7070929
7077660
7081816
7084379
7092875
7092882
7096674
7097546
7098204
7098215
7098223
7098235
7098345
7103920
7105117
7110946
7114102
7119033
7119122
7119354
7119366
712093
7121286
7126998
7127457
7127458
7127480
7129742
7129834
7129905
7129906
7129907
7134505
7136294
7142074
7143205
7145181
7153873
7160564
7160572
7160574
7160577
7160584
7161733
7163812
7165053
7181418
7182209
720783
7304925
7311144
7311148
7311149
7311150
7311621
7314314
7314315
7314803
7314804
7319271
7321143
7322485
7330965
7332306
7332318
7333055
7333060
7336303
7336304
7336848
7336998
7337002
7337009
7337015
7337893
7344094
7350588
7351260
7351263
7353978
7354499
7354579
7355656
7357521
7359183
7359186
7359193
7359656
7361758
7362534
7363612
7364511
7368159
7368160
7368272
7372340
7372342
7372345
7372360
7372361
7372363
7373001
7373215
7373229
7374071
7374072
7374277
7374278
7379024
7381445
7381446
7381447
7386347
7386502
7389930
7390344
7390356
7394160
7398658
7398659
7402315
7402481
7403392
7410612
7410633
7410635
7411365
7414460
7422141
7422178
7422180
7429062
7429068
7429071
7433992
7435915
7441426
7446075
7446980
7446992
7446993
7446995
7455196
7459530
7459582
7459624
7459640
7460969
7462787
7462793
7462794
7462795
7462796
7462797
7464021
7470726
7471535
7472691
7475407
7475409
7486137
7488022
7490031
7492710
749483
7506526
7506527
7506530
7506531
7506550
7506551
7506563
7506576
7506588
7506592
7506593
7506605
7506609
7506610
7506613
7508290
7516167
7516951
7519534
7519886
7519888
7519890
7519905
7519911
7523312
7529931
7529937
7530875
7532912
7533108
7533183
7533421
7533426
7548243
7548244
7549287
7549288
7549290
7549293
7549295
7549298
7549302
7549308
755590
7558160
7558461
7558559
7561425
7571856
7571863
7571869
7573934
7574560
7576452
7576468
7576491
7577650
7577655
7577662
7580733
7580752
7580799
7580801
7581343
7581347
7581348
7581353
7581708
7581806
7582459
7582462
7584958
7584959
7585589
7586417
7586429
7588621
7597571
7597862
7598076
7598078
7598087
7598105
7598110
7598177
7599298
7599872
7599877
7601120
7601334
7602028
7609216
7610415
7610424
7610841
7611994
7615449
7619029
7619032
7619034
7619037
7620095
7620116
7621762
7621764
7624485
7625397
7634309
7634472
7634601
7636005
7636006
7636626
7636629
7640685
7641658
7641660
7641661
7641662
7642203
7642279
7642287
7642289
7647818
7651949
7651950
7651954
7651956
7651967
7652377
7653579
7653716
7654131
7655958
7655959
7655960
7656579
7656581
7662349
7664913
7664926
7664929
7664939
7664953
7664961
7664963
7664982
7664985
7664989
7664991
7664998
7665043
7666245
7666770
7666771
7669238
7670691
7670909
7670911
7673128
7673812
7673815
7673819
7674524
7686779
7686780
7688716
7689646
7690390
7690753
7690778
7695099
7695112
7695141
7697703
7697704
7707021
7707445
7707446
7707447
7707448
7707449
7707450
7707451
7721240
7722081
7722255
7722463
7724516
7725974
7725976
7730935
7733530
7734580
7743593
7754410
7754766
7761329
7762684
7769023
7769059
7769471
7769799
7770014
7770017
7770018
7770019
7770022
7770023
7770024
7770026
7770830
7770835
7772610
7774537
7774538
7774555
7774559
7774560
7774576
7774577
7774590
7777164
7782926
7786332
7789408
7795382
7800576
7800577
7802152
7811525
7812453
7812500
7812501
7812502
7813476
7813848
7814005
7815846
7817328
7817329
7817331
7817338
7818003
7818004
7819284
7820371
7820373
7822677
7822817
7822828
7822830
7822836
7822839
7822841
7822844
7822872
7822873
7824920
7824926
7825910
7829708
7837252
7855081
7855285
7861168
7865221
7867520
7869306
7869311
7869319
7875587
7876901
7878594
7878701
7880248
7882355
7882356
7882357
7882358
7882359
7882360
7882361
7882699
7882700
7882919
7882921
7883182
7883212
7883991
7883992
7883993
7887090
7887092
7887093
7888420
7888867
7892388
7892467
7892681
7892685
789422
789423
789424
789431
789433
789434
789439
789451
789514
789520
789521
789551
789552
789653
7907680
7907681
7907884
7907928
7909792
7909797
7909798
7909801
7911798
7912070
7916338
7937507
7937530
7937538
7937539
7937540
7937542
7972275
797829
7980588
7983680
7983681
7985117
7986045
7994450
7994458
7994970
7995249
7995296
7995416
7998209
7998211
830767
831017
831066
840939
861086
862348
871830
878952
885449
890178
890885
892723
897250
9022058
9022180
9022670
9032404
9036278
9036282
9038567
9038799
9038800
9047712
9050069
9062450
9063476
9068881
9074574
9074759
9074760
9074863
9075571
9076004
9080542
9081200
9083893
9085881
9085889
9087453
9093614
9103540
9103860
9107858
9107860
9111373
9113461
9117987
9129972
9129979
9129980
9132528
9143367
9149288
9149306
9155667
9159383
9159430
9163931
9172340
9176785
9176879
9185974
9192505
9192506
9192507
9193934
9196719
9197362
9200730
9200741
9205902
9206239
9208804
9210262
9211281
9212044
9212129
9212677
9212689
9213642
9214848
9214849
9214864
9215951
9216728
9216729
9216730
9216731
9216732
9216739
9216746
9216753
9216754
9216755
9216759
9216760
9216761
9216762
9216861
9223014
9223020
9223024
9224051
9224782
9225437
9225962
9225963
9226049
9226453
9226454
9231328
9231394
9231395
9233553
9234984
9236457
9236458
9238374
9240459
9240914
9240959
9243360
9243379
9243986
9243987
9243988
9244263
9244639
9247167
9258577
9259157
9264487
9270907
9270931
9272736
9272737
9272738
9273074
9273075
9273376
9273377
9273379
9275690
9279017
9279034
9279370
9279452
9279455
9280461
9282038
9283849
9293868
9293869
9293879
9294203
9302486
9302669
9302670
9304019
9304304
9304305
9304310
9304312
9304494
9304521
9304594
9305846
9305867
9305871
9305874
9306761
9308136
9308142
9308148
9308149
9308150
9308157
9308159
9308160
9308176
9308177
9308185
9308188
9308194
9308201
9309323
9309456
9310311
9310324
9310327
9310330
9310332
9313958
9315623
9317004
9318070
9319429
9321280
9322298
9326519
9326605
9326658
9326668
9327070
9327074
9327113
9328292
9330751
9330753
9330755
9332216
9332217
9332218
9333021
9333098
9333108
9333109
9333211
9333859
9334284
9334709
9339643
9348370
9351052
9351053
9351054
9351055
9351056
9351662
9351696
9351700
9354630
9355384
9355416
9358254
9359521
9360083
9360105
9364290
9364859
9364860
9364861
9364862
9364863
9364864
9364866
9364869
9364873
9364874
9364875
9364876
9364877
9364879
9364883
9364884
9366316
9369486
9370060
9371464
9371466
9377225
9378487
9378488
9380421
9380456
9380552
9380565
9382014
9382097
9382661
9395909
9396304
9398123
9398126
9398470
9398473
9398474
9398629
9398630
9398632
9398634
9403291
9403313
9403314
9403315
9403316
9403317
9403318
9403319
9403320
9403322
9403368
9404854
9406031
9411008
9413096
9413097
9413098
9413466
9413701
9415579
9417248
9421370
9421371
9421440
9422374
9422610
9422616
9422617
9422624
9422629
9422630
9422631
9423333
9423416
9425563
9425565
9425572
9425603
9425676
9428729
9428761
9431548
9431549
9431550
9431559
9431561
9431562
9431563
9431567
9431570
9431573
9431574
9433557
9433598
9436407
9438316
9439131
9442001
9442002
9442005
9442007
9442009
9442010
9442013
9442014
9442015
9442016
9442017
9442018
9442019
9442026
9442028
9442029
9442033
9442036
9442041
9442043
9444064
9444861
9445396
9446370
9446519
9446520
9446691
9446692
9447595
9447596
9447597
9447625
9447631
9447633
9447787
9448248
9448267
9448538
9448792
9449961
9449992
9449996
9449997
9450003
9450004
9450006
9450008
9450014
9454704
9454705
9454706
9454707
9454715
9457822
9457826
9457827
9457828
9457829
9457830
9457831
9457834
9459098
9459142
9459241
9461749
9463211
9463220
9463228
9464314
9464332
9464336
9464776
9464870
9464877
9468639
9469791
9470202
9470683
9471389
9474942
9482242
9482246
9482248
9482250
9482856
9482858
9485886
9487448
9487450
9489887
9489889
9489890
9489892
9489908
9489909
9489910
9489913
9490323
9490517
9490520
9490873
9490874
9490875
9491139
9491141
9491142
9492945
9492946
9492947
9494206
9494208
9494217
9496579
9496636
9498058
9499218
9499219
9499222
9499224
9499225
9500094
9500125
9500136
9500142
9500618
9501927
9501932
9501934
9501935
9501957
9501958
9502785
9502787
9502789
9502790
9502791
9502792
9502793
9502795
9502796
9502797
9502817
9506838
9508679
9508688
9509030
9514444
9514561
9514572
9514575
9514576
9514578
9514581
9515022
9515028
9515031
9515036
9515041
9515359
9516562
9516574
9516576
9516578
9516580
9516581
9516584
9516585
9516587
9516589
9516590
9518119
9521771
9524399
9524614
9524618
9531944
9532192
9536258
9540183
9540184
9540187
9540188
9540190
9540191
9540192
9540193
9540194
9540957
9540958
9540959
9540961
9541199
9541201
9541336
9543370
9543735
9546713
9548947
9556751
9559127
9561133
9562729
9562734
9563335
9563337
9568024
9569092
9569502
9569503
9570210
9572207
9572233
9572235
9575059
9575065
9575069
9577518
9579600
9579777
9579779
9579783
9581104
9581108
9582293
9583015
9583338
9590661
9591679
9591887
9591888
9591920
9591922
9592005
9593406
9593410
9593412
9593413
9593414
9593415
9593420
9593421
9593422
9593428
9593429
9593430
9593433
9593928
9594012
9594116
9594417
9594418
9597825
9597827
9597830
9597832
9598231
9598487
9599156
9599479
9599635
9600719
9600720
9600721
9601484
9601952
9601953
9601959
9601965
9603093
9604615
9604696
9604697
9604800
9604935
9610214
9610325
9610326
9612342
9613581
9614546
9615022
9615023
9615025
9616468
9617533
9617535
9617683
9618317
9618905
9621909
9622076
9622077
9622078
9622648
9622649
9623122
9623263
9623274
9623994
9624537
9625187
9625559
9625562
9625563
9625565
9625566
9626519
9626587
9626979
9626986
9627828
9629118
9629119
9629120
9630205
9630264
9630367
9631297
9631709
9631710
9631714
9633512
9634186
9642194
9643421
9643831
9646347
9652963
9652964
9652989
9653002
9653144
9653145
9653149
9653151
9653319
9654650
9654652
9655534
9655535
9655726
9655730
9655731
9655738
9656394
9656395
9656396
9656400
9656402
9656407
9656410
9656413
9656599
9656600
9656603
9656606
9656607
9656657
9660994
9662764
9662765
9662766
9667531
9667532
9667533
9667643
9668080
9669270
9669366
9670646
9670647
9670750
9670751
9670752
9670754
9670872
9671141
9671142
9671172
9671979
9672011
9672332
9672341
9672348
9672349
9672353
9672355
9672420
9679563
9679582
9679588
9682215
9682881
9682882
9686017
9686025
9686044
9686045
9686046
9686050
9686051
9686052
9686057
9686081
9686084
9686085
9686086
9686087
9686092
9686094
9686128
9686134
9686135
9686137
9686139
9686141
9686144
9686148
9686149
9686190
9686194
9686198
9686201
9686206
9686215
9686219
9686320
9686328
9687788
9688160
9688161
9688175
9690153
9690599
9690613
9690619
9690623
9690631
9690636
9690637
9690640
9690641
9690648
9691509
9691511
9691568
9691573
9691574
9691716
9691816
9692909
9692916
9692918
9692926
9694885
9695381
9695382
9695390
9695591
9699507
9700874
9700881
9702467
9702808
9702809
9702823
9702824
9702828
9702830
9702832
9702836
9702837
9703381
9703388
9703390
9703396
9703397
9703398
9703399
9703799
9705509
9705606
9709041
9709125
9709130
9713625
9713727
9713729
9714835
9714836
9714875
9715179
9715224
9715401
9715407
9716172
9716366
9716368
9717855
9718540
9718766
9718767
9718780
9718815
9718816
9724526
9724528
9729752
9731537
9731546
9734577
9742339
9746966
9746984
9747340
9750377
9750705
9753064
9753369
9753370
9753371
9753372
9754992
9755295
9756637
9756640
9758390
9759354
9759397
9761638
9764362
9764363
9765375
9765380
9765381
9766553
9768955
9769217
9769887
9770329
9770331
9770333
9770339
9770340
9770341
9770342
9770344
9774906
9777651
9779963
9780884
9781710
9791673
9797110
9798579
9799776
9799785
9799790
9799791
9799796
9799801
9803078
9803709
9803710
9803720
9807214
9807295
9815607
9816046
9816514
9820238
9820457
9820459
9824109
9824110
9824275
9825279
9825323
9825356
9826648
9826649
9828377
9828823
9828826
9828828
9829366
9829385
9829393
9829419
9833904
9836816
9837127
9841216
9845048
9845053
9846021
9848223
9848224
9848243
9849125
9849126
9849651
9852176
9852191
9858436
9862138
9864396
9864397
9865735
9865736
9865737
9865738
9865739
9865740
9865741
9865742
9865746
9865747
9866033
9867077
9867305
9867308
9867309
9867310
9867311
9867312
9867313
9867314
9867315
9867316
9867317
9867318
9867322
9867325
9867327
9867328
9868193
9870283
9870284
9870285
9870286
9870287
9870289
9870290
9870292
9870293
9870296
9870298
9870299
9870301
9870302
9870303
9870304
9870306
9870308
9870309
9872549
9872550
9872678
9873846
9874503
9874513
9878122
9878127
9878129
9878131
9878132
9878805
9878860
9878884
9878885
9879193
9879195
9879301
9879990
9880010
9886848
9887335
9888287
9888464
9888465
9888466
9888467
9888468
9888469
9888596
9888872
9888980
9889010
9889045
9891422
9891813
9892630
9892631
9892632
9892664
9892674
9892703
9892704
9893157
9894447
9894583
9894697
9895530
9896240
9897368
9898438
9899358
9900458
9900634
9900635
9900638
9900639
9901028
9901364
9901388
9902535
9902935
9905726
9907175
9907176
9907193
9907204
9908029
9908032
9908047
9908049
9908050
9908056
9908060
9908065
9908067
9908069
9908071
9908133
9908488
9908489
9908598
9908624
9908684
9909256
9909768
9910134
9911459
9911867
9912272
9913205
9914652
9914837
9914838
9914849
9914854
9914866
9914867
9915541
9915542
9915543
9915740
9916082
9916272
9916577
9916578
9916594
9916710
9916722
9916731
9916782
9916783
9916784
9916785
9916786
9916797
9917149
9917794
9918206
9918269
9918356
9919074
9919076
9919077
9919080
9919081
9919082
9919090
9919097
9919099
9919103
9919106
9919107
9919108
9919109
9919110
9919114
9919115
9919119
9919381
9919382
9919383
9920124
9920128
9920129
9920389
9920835
9920837
9920839
9920859
9922458
9922460
9922477
9922478
9922479
9922480
9922671
9922673
9922676
9922677
9922678
9924380
9924381
9925677
9925679
9925798
9927969
9927981
9928317
9930368
9930642
9930643
9930644
9930645
9930646
9930647
9931105
9931529
9931564
9932764
9932768
9932769
9933990
9934377
9935616
9936003
9936026
9936967
9938215
9939979
9942201
9942205
9942206
9942216
9942217
9942357
9942670
9944039
9944043
9944044
9944046
9944047
9944048
9944132
9944134
9944367
9944779
9944808
9945155
9945539
9947974
9947988
9948153
9948250
9948996
9949321
9950375
9952343
9952345
9953908
9954168
9954503
9954523
9954524
9954525
ФБО_10121164
ФБО_10133748
ФБО_10133768
ФБО_10157157
ФБО_10182947
ФБО_10224752
ФБО_10235833
ФБО_1023695
ФБО_10337202
ФБО_10372714
ФБО_10395147
ФБО_10419824
ФБО_10443001
ФБО_10443585
ФБО_10450167
ФБО_10458722
ФБО_10479061
ФБО_10484433
ФБО_10547457
ФБО_10708301
ФБО_1080466
ФБО_1165407
ФБО_1438265
ФБО_2172612
ФБО_2172619
ФБО_2292016
ФБО_2372210
ФБО_2372213
ФБО_2388607
ФБО_2404988
ФБО_276133-светло-синий
ФБО_3528215
ФБО_3802529
ФБО_403623
ФБО_4323062
ФБО_4846072