тамазлыкару:
4815042
4345970
3720607
3572018
4503262
4048415
3746214
5121131
5411737
4693277
5439387
5300385
4917986
5110556
1118488
7563161
7563162
7586438
7068588
7351266
9500088
7563163
9073790
9073793
9244738
9165893
9165914
9165894
9381474
9500094
507638
1510616
1672958
1672960
1672962
1387737
1481545
3678306
1887516
1887517
3885914
1868280
4855662
4855663
6489495
3801223
6980835
7598063
1127252
7402456
9941863
7627608
7414560
9614573
4694132
1172626
2515889
2987449
9032808
7129602
5516649
9364367
2326033
1593620
4442506
4563545
4330030
3630179
4597685
4563543
4694166
6073209
5459649
7067994
7075954
9319086
9377626
9416013
9458234
7651310
6908313
4622731
9705177
2617038
4330018
2803217
4461275
2864036
3566036
3566037
746463
9096719
9910587
9910586
9589239
9600690
7261583
830886
1159153
1161814
2617036
4438974
4357062
7492780
5800993
7373468
7534698
9339619
7611836
7611837
7384529
6969822
9279946
9791369
9355252
9317067
9664109
9598086
1278372
2722410
4111922
2467854
9201098
3904549
1672988
4121444
9223235
4439613
9127492
9902846
4472349
4827195
4686804
5498117
6903895
897811
4312259
5492986
4133543
4133548
4133549
9898895
9898896
9898897
548709
3621793
9917658
9917659
610384
2585372
3621800
2585374
7069451
1334579
857409
1382505
1447074
2832913
1894788
1894785
4211376
3131047
4133550
5376073
5386258
7041124
4964785
7069453
9177260
6535536
9614664
10398867
7701967
9269311
3747082
4357054
3928925
650745
4442429
4293905
4695262
1476612
4442441
3747081
4590139
9499645
5255981
3899521
3566038
6929234
1696006
2998500
4695263
9690579
3795282
3795283
651938
3566039
5458974
9946261
4721004
4563587
5458975
7997992
9703286
9703285
9900754
7183599
1431640
2778900
4842557
4766002
5161307
4842560
9163229
9313611
9194005
9511576
9511575
6884644
492531
9768381
4695261
5390918
1847979
650750
1533923
4681179
4145054
3803909
4279263
7038891
6881402
7649015
9472519
9085266
9840942
9840943
9840945
9840946
9840947
1353276
1533642
3841200
1316595
1401871
4620307
5278203
4620304
7587979
7376274
7647806
9200656
9358696
4320161
3281524
6895523
7652111
7652112
5218591
7722463
7769023
5101615
3979100
5287755
1442423
5617885
4422067
9165900
9241610
9165863
9880055
2585375
762771
630817
1166852
5168795
861099
812868
1158540
1278352
1847974
1533371
1687511
3146377
3137320
1403931
3558407
2366747
2675711
3185505
4132568
5385320
5800999
3907338
7492762
9001872
9789059
7502689
4122125
4357061
7422641
9789062
5060762
4826230
4106091
1876266
1876269
3624969
2854846
2854843
1385675
1593590
4675096
565762
890990
2875174
3088036
2694160
3557236
3734657
4538856
4590400
5178700
5437332
6912541
4538853
7077277
6912542
7877833
9797058
9494229
9381504
9430982
7651455
7915594
10386915
9494230
9381506
9785330
9899712
7509972
4674079
2190280
3105749
3609128
4047760
9223234
5101412
9130232
192514
4815042
4345970
3720607
3572018
4503262
4048415
3746214
5121131
5411737
4693277
5439387
5300385
4917986
5110556
1118488
7563161
7563162
7586438
7068588
7351266
9500088
7563163
9073790
9073793
9244738
9165893
9165914
9165894
9381474
9500094
507638
1510616
1672958
1672960
1672962
1387737
1481545
3678306
1887516
1887517
3885914
1868280
4855662
4855663
6489495
3801223
6980835
7598063
1127252
7402456
9941863
7627608
7414560
9614573
4694132
1172626
2515889
2987449
9032808
7129602
5516649
9364367
2326033
1593620
4442506
4563545
4330030
3630179
4597685
4563543
4694166
6073209
5459649
7067994
7075954
9319086
9377626
9416013
9458234
7651310
6908313
4622731
9705177
2617038
4330018
2803217
4461275
2864036
3566036
3566037
746463
9096719
9910587
9910586
9589239
9600690
7261583
830886
1159153
1161814
2617036
4438974
4357062
7492780
5800993
7373468
7534698
9339619
7611836
7611837
7384529
6969822
9279946
9791369
9355252
9317067
9664109
9598086
1278372
2722410
4111922
2467854
9201098
3904549
1672988
4121444
9223235
4439613
9127492
9902846
4472349
4827195
4686804
5498117
6903895
897811
4312259
5492986
4133543
4133548
4133549
9898895
9898896
9898897
548709
3621793
9917658
9917659
610384
2585372
3621800
2585374
7069451
1334579
857409
1382505
1447074
2832913
1894788
1894785
4211376
3131047
4133550
5376073
5386258
7041124
4964785
7069453
9177260
6535536
9614664
10398867
7701967
9269311
3747082
4357054
3928925
650745
4442429
4293905
4695262
1476612
4442441
3747081
4590139
9499645
5255981
3899521
3566038
6929234
1696006
2998500
4695263
9690579
3795282
3795283
651938
3566039
5458974
9946261
4721004
4563587
5458975
7997992
9703286
9703285
9900754
7183599
1431640
2778900
4842557
4766002
5161307
4842560
9163229
9313611
9194005
9511576
9511575
6884644
492531
9768381
4695261
5390918
1847979
650750
1533923
4681179
4145054
3803909
4279263
7038891
6881402
7649015
9472519
9085266
9840942
9840943
9840945
9840946
9840947
1353276
1533642
3841200
1316595
1401871
4620307
5278203
4620304
7587979
7376274
7647806
9200656
9358696
4320161
3281524
6895523
7652111
7652112
5218591
7722463
7769023
5101615
3979100
5287755
1442423
5617885
4422067
9165900
9241610
9165863
9880055
2585375
762771
630817
1166852
5168795
861099
812868
1158540
1278352
1847974
1533371
1687511
3146377
3137320
1403931
3558407
2366747
2675711
3185505
4132568
5385320
5800999
3907338
7492762
9001872
9789059
7502689
4122125
4357061
7422641
9789062
5060762
4826230
4106091
1876266
1876269
3624969
2854846
2854843
1385675
1593590
4675096
565762
890990
2875174
3088036
2694160
3557236
3734657
4538856
4590400
5178700
5437332
6912541
4538853
7077277
6912542
7877833
9797058
9494229
9381504
9430982
7651455
7915594
10386915
9494230
9381506
9785330
9899712
7509972
4674079
2190280
3105749
3609128
4047760
9223234
5101412
9130232
192514
1000345
1000363
1000373
1002236
1003536
1003537
1003537
1003547
1003551
1003552
1003559
1004298
1004299
1004302
1004337
1004382
1005208
10058725
10060252
10060312
10063692
10063694
10063695
10066065
10068894
10068895
10068896
10068897
10069647
10069651
10069652
10069663
10071779
1007208
1007268
10085706
10103818
10110985
10121874
10125161
10127921
1012949
10130838
10130842
10130843
10153841
10153843
10179633
1018079
1018113
1018611
101902
101903
10197388
10205826
1020628
10206367
10212844
10225391
10230187
10230338
10230339
10254009
102589
1026013
1026014
1028308
1028309
1028310
1028369
1029740
1029753
1029757
1029771
1029787
1029790
1029792
1030092
1030246
1030257
1030258
10322007
10324422
10346802
10349057
10349059
1035381
10354042
10354043
1035634
1035634
1035889
10383343
10383344
1038454
1038540
10388162
10388295
10391379
1039571
1039574
1039587
1039611
10412646
10413472
1042808
1044153
1045256
1045278
1047404
1049727
1049791
1049847
1049850
10524521
1052585
1053323
1057074
1057090
1057185
1057259
1058500
1058510
1058511
1060692
1062487
10630363
1075433
1075449
1075453
1075458
1075460
107561
1076720
1077182
1077187
1087863
1088050
1089878
1089906
1099658
1101903
1101904
110220
1102630
110361
1105538
1106801
111052
1110851
1110861
1110880
1111303
1112783
1112784
1113355
1113405
1116833
1116836
1118603
1121025
1122997
1123137
1126715
1127255
1127257
1128489
1128490
1128512
1128601
1128818
1130259
1130264
1130265
113305
113308
113309
113311
113312
113313
113315
1141376
1141379
1141384
1142666
1144783
114625
114631
114640
114643
1147406
1149885
1150940
1151936
1151951
1155426
1155664
1155726
1159873
1159874
1159875
1159878
1159879
1159880
1159881
1159908
1159917
1159918
1163473
1166585
1166843
1166855
1166884
1166888
1168323
1172623
1172624
1172629
1172835
1173186
1175667
1176051
117841
117850
1179864
1180348
118058
118878
118879
1189256
1189257
1189261
1189278
1189283
1189300
1189301
1189303
1198689
1198690
1198691
1198692
1198694
1198696
1198697
1198704
1198705
1198706
1198707
1198708
1198709
1198710
119873
1200603
1200829
1200830
1200832
1200834
1204880
1204926
1205017
1206564
1206574
1206580
1206584
1206586
1206590
1206600
1206601
1206606
1206608
1206609
1210672
1212618
121852
1220034
1221431
1223266
1228920
1228922
1228937
1228981
1229029
1229032
1230745
1230929
1230934
1230935
1230936
1233938
1242259
124645
124647
124649
124663
124728
124729
1250594
1254640
1254667
1254669
1254670
1254724
1255040
1259492
1262296
1264094
1267632
1267983
1267985
1267986
1270068
1273996
1275511
1275558
1275561
1275845
1277356
1278410
1278410
1278770
1283070
1284853
1290514
1290521
1290696
1290698
1295359
1299381
129986
1302260
1309626
1309626
131410
131452
131453
131479
131509
131512
131513
1323694
1323695
1324839
1324847
1325328
1328274
1335587
133633
133634
133641
133671
133674
1339223
134194
1354709
1354715
1355411
1355453
1355458
1355461
1355480
1362714
1366194
1366974
1367042
1373473
1377337
1379239
1380120
1380148
1381375
1381452
1382131
138919
139009
1390423
1390427
1392097
1393303
1396180
1396180
1396181
1396187
1399103
1399109
1401524
1401525
1401526
1401527
1401534
1403891
1403922
1403961
1403974
1404931
140568
140597
140598
140600
1406036
1406038
1406049
1407071
1407187
1407660
1409499
1418980
1418981
1425880
1426888
1426889
1427061
1427310
1427352
1427362
1427365
1427367
1427445
1427446
1427609
1427613
1427633
1427972
1427985
1427997
1430103
1430105
1435843
1435845
1436924
1465980
1465990
1466036
1466039
1466040
1466077
1466078
1466085
1466092
1466094
147551
147581
147581
1476789
1476791
1481196
148153
148172
148183
148187
1482858
148300
148410
1484835
1484840
1484849
1491145
1491815
1492509
1493102
1499242
1509559
1510560
1510568
1515812
1515870
1516147
1518061
1518407
1519061
1522172
1523590
1523965
1524000
1524017
1524018
1524019
1525378
1527990
1528635
1533925
1538050
1540074
1544767
1548311
1550881
1551029
1565757
1565768
1565931
1565936
156833
156836
156837
156838
156878
156881
1570088
1570943
1570945
157508
1580162
1580163
158644
1591610
1593586
1593644
160212
1613446
1623142
1623142
1626564
1627344
1627880
163929
1641163
164542
164562
1649821
166792
166795
166806
166809
166815
166817
1678177
1680106
1680109
1680118
1684821
1685184
1685207
1687477
1687518
1687519
1687522
1690333
1693654
1695970
1699673
1699675
1721847
1723612
1723638
1723744
172916
1738574
1746135
1746146
1746739
1801065
1817014
1817023
1817024
1820134
1822541
1822542
1822543
1822544
1822545
1822546
1822550
1822555
1824053
1845891
1847222
1847760
1847766
1849152
185401
1857341
1860185
1860190
1860192
1861253
1861253
1861253
1861253
1865852
1866954
1868281
1868308
1876267
187942
187944
188017
1887430
1891251
1891292
1894784
1896115
1906012
192300
192438
192505
1925141
192712
192725
192727
1932207
1961249
1961296
1997268
2012648
2084960
2105819
2111915
2111916
2119061
2134308
2155393
2155394
2175752
2175778
2187747
2190221
2221319
2221334
2221337
2248007
2254051
2267526
2273859
2289424
2291906
2291923
2291933
2299648
2301308
2303320
2313754
2317175
2323211
2323212
2326036
2326037
2330266
2330267
2340785
2340786
2340869
2352177
2353241
2354103
2364673
2366399
2367134
2369317
2369323
2369324
2369325
2373172
2380219
2380373
238044
238048
2385871
2385872
2385873
2385999
2388943
2388950
2388956
2389046
2390225
2390226
2390583
2390586
2392895
2407460
2424048
2424049
2424050
2424531
2452184
2463604
2463605
2465520
2465832
2467852
2467855
2474507
2479208
2479209
2480344
2481088
2484758
2486330
2486331
2486332
2493634
2493636
2498075
2498076
2499755
2499757
2499759
2500210
2506496
2506530
2508979
251240
2514390
2514392
2515888
2519373
2521368
2521443
2521449
2521478
2523079
2523094
2532183
2532186
2532192
2532195
2534168
2546806
2548722
2565936
2565937
2565940
2565946
2570325
2570361
2570378
2577830
2577845
2579447
2579448
2580158
2580599
2581347
2581377
2581412
2582021
2582027
2582742
2586839
2594957
2594967
2594979
2599228
2599235
2603774
2603783
2617025
2617046
2619289
2621655
2624325
2635912
2642687
2655894
2656396
2663559
2663559
2663559
2663560
2663564
2663577
2663578
2663585
2663712
2663729
2663730
2663732
2675708
2675714
2675715
2675717
2675721
2675722
2675723
2675725
2675762
2682277
2682852
2694122
2694127
2694133
2694134
2694135
2694136
2694164
2699914
2710242
2712596
2712858
2712864
2718800
2722359
2722361
2722396
2722400
2722400
2722401
2728046
2735285
2751365
2761471
2763707
2767870
2767871
2772939
2772940
2778226
2784684
279061
2796382
2796506
2796508
2796835
2797059
2797060
2797138
2798202
2808894
2813005
2813022
2813041
2813071
2813073
2813413
2813689
2813690
2823100
2823106
2823222
2829802
2830685
2830688
2830690
2830695
2830696
2834057
2834058
2834530
2834531
2834533
2834534
2834542
2839518
2839522
2842137
2844533
2854651
2854655
2854660
2854774
2854778
2854884
2854886
2857359
2859572
2863058
2864146
2864284
2875180
2876415
2876416
2876417
2876421
2876425
2878026
2881391
2894950
2902547
2902548
2902553
2936752
2936814
2936815
2936816
2941930
2941938
2947246
2947250
2947257
2947543
2947545
2952392
2952393
2954639
2954695
2957158
2957160
2957166
2964793
2969514
2974971
2974981
2975592
2985273
2987299
2987305
2993029
2995410
2996667
2996667
2996667
2996668
2997888
2998310
2998339
2998402
2998490
2998500
2998714
2
3000397
3004282
3004283
3005552
3005553
3011201
3011204
3011205
3019377
3021054
3025947
3028624
3028625
3053446
3088085
3090421
3090895
3092574
3092574
3092574
3092574
3092574
3092593
3092740
3096011
3098564
3100710
3101002
3101018
3101183
3101196
3102428
3105637
3105638
3105644
3110056
3110058
3120639
3122064
3132084
3137335
3137366
3138741
3139672
3142304
3146376
3147557
318040
3184317
318558
320130
3216340
3216342
3242950
3244285
324783
3250478
3253165
325411
326172
3268159
3270376
3275761
3277015
3277016
3277017
3277407
3285669
329100
3293420
3298924
3299375
3303140
3305980
3311613
3311614
331640
3323623
3327799
3333501
3333509
3335289
3336532
3362254
3362257
3365175
3365187
3365196
3408571
3408575
3408577
3408578
3408579
3408580
3408588
3408589
3418146
3418931
3440940
3441295
3442562
3443446
3462336
3467610
3468352
3468355
3488704
3503702
3504315
3513485
3524467
3524468
3532960
3533164
3537094
3537095
3539122
3539161
3539162
3544018
3544173
3544175
3544208
3549103
3550220
3551186
3551200
3551205
3556971
3557213
3557234
3557397
3557429
3557470
3558273
3562469
3562498
3562499
3565805
3565807
3565808
3566032
3566034
3566035
3566479
3567149
3572003
3572011
3572015
3572016
3572044
3572981
3575109
3575149
3576226
3583257
3589388
3589389
3589393
3589396
3589403
3589412
3590485
3594554
3599589
3599632
3599633
3599682
3599689
3600692
3600739
3600754
3600779
3600781
3602463
3602532
3602569
3602570
3602646
3602648
3602650
3602651
3602652
3608018
3608019
3608020
3608021
3608022
3608023
3608769
3608838
3608840
3613167
3619095
3619102
3621263
3621265
3621266
3621712
3621789
3621795
3623037
3623103
3623107
3623108
3623483
3623489
3624586
3624592
3624599
3624944
3626697
3626699
3626727
3626740
3627092
3627644
3628354
3628356
3630117
3630117
3630117
3630152
3630165
3630177
3638550
3638568
3639642
3639650
3639651
3639652
3663007
3665184
3666989
3678339
3678341
3678342
3678343
3679734
3698252
3698259
3720609
3720610
3720611
3720627
3720628
3720629
3720633
3720636
3720637
3720638
3720642
3720643
3720651
3720652
3724940
3727359
3731714
3731715
3731718
3731719
3731721
3734570
3734651
3738376
3738377
3741692
3744925
3746208
3746212
3746215
3746902
3746903
3746907
3747079
3747080
3749722
3752548
3752549
3752549
3752551
3763176
3776047
3776072
3776695
3778832
3780785
3780791
3782365
3782366
3784234
3784899
3791276
3791277
3791279
3792111
3792113
3792124
3793293
3793301
3794467
3794746
3795263
3795280
3795281
3795311
3795405
3795898
3795909
3795912
3797326
3797795
3800109
3800865
3800916
3803700
3803704
3803722
3803724
3804610
3805644
3806799
3807356
3807363
3807978
3807981
3807989
3808195
3809727
3809728
3815893
3818406
3823455
3823456
3823460
3823461
3823464
3823578
3823580
3823799
3823800
3823817
3823838
3823843
3823860
3826563
3826565
3826583
3831023
3831026
3831054
3831055
3831073
3836590
3839964
3839965
3839966
3840038
3840039
3840063
3840064
3840595
3840596
3850486
3850492
3850494
3850998
3853100
3853132
3853148
3853151
3853153
3853157
3853161
3853164
3853172
3853175
3853199
3853474
3855154
3855840
3863466
3863467
3863468
3863481
3867780
3867782
3867786
3867791
3867793
3867794
3867795
3867797
3867799
3868579
3868581
3876220
3889240
3894996
3898976
3899266
3899478
3899522
3903222
3904529
3904535
3904538
3905287
3907354
3907355
3907357
3907370
3907582
3908943
3908943
3910478
3910615
3914782
3915602
3916085
3916935
3922917
3928878
3928888
3928925
3929318
3929857
3931864
3931882
3931883
3940075
3940293
3940611
3940622
3940656
3941086
3941145
3941281
3943156
3943175
3944571
3944571
3944571
3944572
3944572
3945454
3945455
3945456
3945481
3945508
3950736
3951700
3953259
3954431
3959001
3967351
3967547
3967837
3968992
3970866
3983106
3984669
3984673
3986205
3991556
3
4003556
4004515
4004517
4004519
4004521
4004522
4004523
4004549
4004713
4012136
4012649
4013653
4013656
4017181
4020099
4020101
4020697
4021235
4021247
4021310
4021336
4021341
4022296
4022297
4028046
4046493
4046494
4046499
4048393
405054
405055
405066
4051806
4059843
4063550
4069362
4074260
4076915
4076915
4076915
4076915
4076916
4076917
4076917
4077351
4077352
4077370
4087245
4087683
4090284
409194
4093113
4093220
4095242
4095248
4095254
4097268
4097383
4098357
4098360
4098366
4098369
4098370
4104581
4104581
4105858
4106091
4111876
4111881
4111882
4111883
4111922
4111922
4113912
4122110
4122128
4126802
4126803
4129159
4129167
4131403
4131540
4132565
4132566
4135198
4135242
4145037
4145040
4145127
4145131
4146257
4149610
4150169
4150217
4150504
4151893
4152872
415541
415813
415814
415815
415816
4171204
4172140
4175127
4177771
4177772
4177777
4177778
4177779
4177802
4177805
4177904
4177911
4177913
4177916
4177923
4178259
4187758
4192020
4192570
4194359
4208142
4210349
4231588
4231595
4250804
4250807
4253255
4253257
4253260
4262824
4262826
4265740
4266594
4271604
4272827
4272828
4273790
4276019
4276094
4276380
4276382
4278948
4279281
4280822
4280825
4280843
4280848
4280851
4280854
4281896
4281897
4283638
4283796
4283798
4283808
4283813
4283815
4285226
4288400
4288403
4288645
4288697
4291058
4291809
4292346
4293891
4293900
4293917
4298219
4308729
4309057
4311498
4311499
4311505
4311519
4313323
4313401
4314184
4314195
4314204
4318700
4318701
4320159
4320735
4320825
4320878
4321751
4321752
4324254
4325387
4325388
4325812
4328423
4329131
4329132
4329133
4329136
4329137
4330032
4330129
4330586
4332653
4332664
4332668
4336055
4336353
4336502
4336507
4344506
4353144
4353146
4354856
4355040
4355040
4359799
4359801
4361280
4365787
4370189
4376315
4385174
4386556
4387817
4409170
4409175
4421494
4421561
4421989
4422022
4422028
4422030
4422056
4422057
4422058
4422059
4422060
4422061
4422064
4422065
4422066
4429088
4429177
4429182
4430082
4430889
4432181
4433805
4437964
4438977
4438985
4438992
4438992
4439020
4439036
4439046
4439048
4439070
4439612
4439699
4439700
4441297
4441299
4442305
4442401
4442428
4442429
4442429
4442429
4442432
4442462
4442513
4442523
4444709
4445797
4446508
4446529
4449539
4449542
4449935
4451691
4457129
4457130
4457145
4459571
4459573
4459736
4460580
4460583
4460819
4461325
4462359
4462455
4464419
4466595
4466596
4466731
4466760
4466916
4467978
4468229
4468232
4468578
4468578
4468768
4468773
4469359
4469367
4469369
4469370
4469372
4469373
4469374
4469375
4469376
4469377
4469379
4469381
4469396
4469427
4469433
4469507
4469509
4470007
4470070
4471208
4472199
4472216
4472346
4472348
4472350
4472351
4472352
4472353
4473128
4474194
4474198
4481945
4481957
4481961
4482164
4485840
4487429
4487446
4488180
4488236
4488603
4488604
4488605
4489692
4498107
4498109
4498111
4499285
4501324
4501325
4501331
4501332
4501333
4501334
4501336
4501433
4502296
4503739
4505536
4509071
4509073
4514775
4518075
4518263
452161
452164
4529047
4530386
4532729
4532963
4532965
4532972
4532974
4532977
4534371
4534377
4534384
4538851
4538852
4538854
4538855
4538862
4538863
4540938
4540939
4540941
4540943
4540946
4540947
4540948
4541026
4552709
4552710
4554763
4555079
4562800
4563107
4563515
4563554
4563569
4563588
4565432
4568722
4568723
4569102
4569128
4569791
4575776
4577069
4577757
4577761
4577762
4577763
4577765
4577841
4579200
4585618
4589726
4589730
4589998
4590139
4592669
4593405
4594900
4595403
4597553
4597558
4597579
4597687
4597705
4597706
4597734
4597966
4600220
4600227
4600808
4601270
4604530
4604538
4604704
4604711
4605606
4605666
4609241
4609386
4615099
4615100
4615101
4615102
4615110
4615753
4617241
4617997
4618006
4618007
4618900
4619663
4619664
4620291
4620294
4621543
4622392
4622396
4622402
4623687
4623909
4623928
4624798
4624801
4624803
4626016
4626017
4626018
4626020
4627536
4636094
4637207
4637231
4637548
4642922
4643275
4644794
4652019
4652029
4652030
4652033
4655803
4657107
4665373
4668303
4674329
4675263
4675265
4677333
4679230
4679580
4679581
4679588
4683159
4684297
4684525
4684536
4684537
4684566
4685461
4685462
4685474
4686333
4686335
4688771
4693938
4694146
4694152
4694769
4694771
4694776
4694903
4700048
4702245
4702248
4702250
4702251
4702252
4702255
4704411
4708158
4708159
4708162
4708169
4711722
4715715
4716583
4718008
4718316
4718333
4720048
4721000
4721005
4721006
4729497
4730521
4731760
4743218
474391
474395
474396
4747378
4754042
4754043
4754048
4759021
4776391
4777048
4777946
478275
4785324
4785325
4785326
4786295
4786317
4786328
4789559
4789560
4789974
4790973
4790983
4790998
4797282
4797283
4798722
4808494
4808516
4808518
4815033
4815035
4820800
4825954
4826163
4826189
4826191
4826199
4826202
4826207
4826208
4826210
4826214
4826222
4826223
4826226
4826234
4826238
4826271
4826328
4828440
4833040
4834967
4842623
4842640
4842662
4856802
4856804
4856806
4861317
4869247
4869249
4875927
487616
4879230
4880185
488065
4881181
4882559
488561
4885658
488567
488594
488970
4898785
4898792
490062
4902109
490848
4912434
4913051
4913054
4916154
4921080
4921646
4921669
492642
4933220
4933807
4933809
4933810
4933897
4936523
4940337
4940431
4940432
4951348
4964793
4964798
4964799
4964801
4964806
4964808
4964809
4965560
4967057
4967058
4967066
4967753
4971021
4971022
4973026
4976710
4977860
4977861
4977862
4977863
4979322
4994215
4994217
5003688
5012513
5012515
5012600
5017580
5019328
5034583
5034643
5034816
504080
5043245
5043249
5046428
5052214
5052215
5052216
5052218
5052219
5052905
5053065
5058269
5058272
5058681
5058682
5059971
5066414
5066523
5067343
5067344
5068779
5073519
5075810
5076158
5076298
5076334
5077343
5077345
507872
5079292
5080480
5084125
5084126
5084127
5084967
5087793
5087794
5087796
5087797
5087798
5087799
5087801
5088596
5088598
5088708
5088863
5089104
5089106
5089121
5094826
5099273
5101414
5101429
5114370
5114371
5114372
5114373
5114826
5114827
5115527
5122290
5122293
5122294
5122295
5122306
5128491
5129626
5129709
5129932
5130316
5130317
5130318
5130319
5130320
5130321
5130324
5130325
5130326
5130327
5130328
5131577
5131582
5134547
5134932
5135167
5135394
5137942
5138912
5139270
5142037
5145613
5146798
5148880
5148882
5152909
5154704
5154707
5154708
5154711
5156422
5156423
5156424
5156425
5156427
5160791
5160794
5160944
5162495
5162526
5163674
5163676
5164186
5164323
5164392
5167693
5168761
5168768
5168769
5168773
5168775
5168778
5168783
5168785
5168786
5168791
5168825
5168826
5176873
5177128
5179137
5179139
5179144
5179145
5180726
5182427
5185537
5185582
5185629
5186367
5186999
5187033
5187200
5187201
518759
518763
5189629
5189879
5198535
5198546
5198547
5199252
5199253
5200276
5201826
5201827
5202495
5203291
5204563
5206257
5208898
5214449
5217484
5217941
5218581
5220357
5221035
5224945
5224947
5224976
5224977
5225442
5231233
5231234
5231235
5231236
5231237
5231769
5235769
5235775
5235792
5235797
5239942
5241003
5241004
5241005
5241007
5243892
5244339
5246354
5247724
5250783
5252278
5252296
5260214
5260217
5263601
5266373
5270124
5274410
5277031
5277554
5278220
5278222
5284324
5287697
5287702
5287707
5287708
5287711
5287712
5287727
5287729
5290551
5290558
5290560
5290561
5290563
5296220
5299177
5300387
5302627
5306589
5307527
5307529
530807
5309620
5311056
5311058
5329653
5329658
532976
532994
5330151
5330173
5330180
5330591
5330595
533068
534798
534800
534801
534811
534812
534818
534840
534848
534849
534850
534873
534876
534877
5351698
5354101
5354103
5358695
5361446
5362017
5363385
5365189
5373481
5376094
5376103
5377349
5377440
5378194
5378195
5378199
5378200
5378201
5385293
5385404
5385406
5385556
5385557
5386332
5386748
5386752
5387638
5387687
5387992
5388018
5388019
5391114
5395331
5395334
5396842
5397956
5398905
5398906
5399507
5402151
5402151
5403429
5407203
5407205
5411419
5411736
5411741
5418087
5418088
5422666
5422799
5425739
5425822
5425823
5425824
5425887
5426066
5426117
5426118
5426137
5426138
5426139
5426418
5427708
5427710
5427717
5428048
5430475
5430477
5430477
5430477
5430477
5430524
5430525
5430645
5431324
5431549
5431559
5433134
5433151
5437222
5445628
5445642
5449602
5449603
5449608
5451317
5453917
5456744
5456745
5456747
5456748
5459637
5459655
5459656
5459660
5459662
5459725
5462260
5462262
5462267
5465076
5465078
5467005
5467008
5467255
5469824
5469866
5469869
547020
5477688
5478703
5478710
5478711
5478712
5478758
5479171
5480479
5481154
5481156
5481157
5481841
5483626
5483627
5483628
5483629
5483630
5483859
5483860
5483864
5486697
548705
548707
5487573
5487586
5487586
5487588
5488636
5491430
5491971
5491972
5491973
5492084
549308
5493137
5493140
5493143
549323
549328
5494675
5494676
5494678
5494682
5494684
5494687
5500339
5500360
5501196
5501197
5502995
5502999
5504384
5504432
5504433
5504435
5504582
5505015
5505021
5506081
5506115
5506117
5513406
5513430
5516640
5516664
5516665
5516671
5516696
552081
5523834
5523861
5523874
5523877
5523879
5523880
5524554
5524668
5524669
5524670
5524672
5525567
5532608
5545514
5546381
5553893
5553899
5553900
558227
558233
5600095
5600097
5617916
563245
5635363
5635364
5635561
564457
565756
565763
565765
5664460
5664896
569588
569641
5698068
5700589
5700590
5751355
5751358
577760
578730
578732
578733
579369
5798317
5800952
5801002
580186
580250
580292
580317
580581
583768
583788
583796
583797
583799
5860304
586034
586035
586036
5865040
5865041
5865358
593141
593740
597898
5985149
5985377
5985387
5985393
5985399
5985400
6030126
6032572
6032575
6033392
6033393
603877
605962
6073193
6073194
6073195
6073198
6073208
6073217
6073235
6073240
6073244
6073247
609542
609543
610388
6116410
6117129
616652
620326
6243784
6243786
6243787
6243792
6243793
6243798
6243799
6244388
6244389
6244390
6244758
6244775
6244776
6248515
6248550
6248553
6249243
6249623
6249628
6249666
6250078
6250080
6253849
6253850
6253852
6253854
6254913
6254916
6255111
6255212
6255213
6255214
6255215
6258374
630814
630818
630819
631664
6342416
6342479
6342624
6342634
6342638
6344143
638208
638276
638277
638282
638306
638308
638314
638330
638365
6383825
638406
638410
642641
642643
642644
642645
642646
642647
642648
642649
642650
647282
6479285
6479297
6486935
6487728
6487732
6487735
6493362
6494329
6494330
6494335
6494336
6495932
6495933
6495936
6495939
650746
650753
650754
651854
651868
651925
651937
651974
6534630
655221
655234
655659
655971
655972
655973
656962
6581484
6581485
6581487
6582203
661773
6628156
6628159
6628160
6628618
6628625
6629207
6629208
6629209
6631442
6705305
6705626
6708362
672772
673806
6753938
6756779
6759365
6770843
6770844
6771892
6776762
6781024
6781025
679198
6827552
6827553
6827773
6827774
6827775
6827776
6827777
6827778
6827785
6827797
6827804
6827806
6827808
6827810
6831474
6833325
6833326
6834643
6846309
6846310
6846311
6846315
6846322
6846323
6847571
6847572
6847573
6847576
6847675
6848375
6849041
6851631
6851634
6851635
6851677
6851678
6852548
6853482
6870351
6870357
6881399
6881400
6881401
6884641
6885875
6885882
6885886
6885887
6887466
6887473
6887488
6887740
6887745
6888408
6888410
6888412
689022
689023
689024
689053
689054
689055
689072
689073
6891344
6892170
6892171
6894885
6894886
6894908
6894909
6894910
6894912
6900016
6901432
6904059
6904738
6905686
6905687
6908125
6908533
6911872
6911921
6912523
6912531
6912533
6913107
6913909
6916738
6918514
6918710
6919649
6919997
6920006
6920008
6920010
6920011
6920018
6920738
6920739
6922376
6927582
6932391
6936236
6937786
6937790
6938724
6939364
6943079
6943351
6943821
6945200
6946089
6946108
6946114
6947262
6947301
6947310
6947323
6947341
6947342
6948837
6961074
6961911
6961915
6961917
6961923
6961927
6963191
6963987
6963988
6963991
6963992
6964356
6964586
696612
6966521
6966522
6966526
6966547
6967450
6968609
6968801
6968804
6968808
6968809
6968810
6968811
6974422
6975802
6975803
6975804
6975807
6975810
6978717
6979821
6987794
6987796
6987797
6987799
6987801
6987802
6987808
6988553
6988616
6988617
6989420
6989421
6989618
6989619
6997685
6997789
6998966
7000530
7004460
7004461
7004462
7004464
7004465
7004469
7004471
7004473
7013316
7017514
7018583
7022367
7022368
7022369
7023846
7024549
7024550
7025581
7025595
7030462
7038847
7038892
7038907
7039120
7043697
7055920
7056243
7058922
7059157
7059223
7059225
7059240
7059241
7059249
7059450
7059456
7059457
7060589
7060590
7060592
7060616
7061094
7061112
7062861
7062863
7062868
7062870
7062871
7063015
7063019
7067962
7067992
7069566
7070787
7075928
7075931
7075933
7075935
7075941
7075962
7076005
7076944
7076946
7076947
7076952
7077255
7077306
7077326
7081519
7081520
7081855
7082507
7086167
7087236
7087258
7087784
7088038
7088043
7089053
7092523
7096672
7096673
7096674
7096675
7096677
7097266
7097267
7097536
7097540
709968
709991
710057
7101276
7101278
7102427
7103862
7103863
7103864
7103865
7108890
7109003
7109230
7111040
7111041
7111100
7111653
7113898
7114750
7115097
7118262
7118803
7123319
7123319
7123319
7123319
7123319
7127495
7127791
7129698
7129783
7129790
7129793
7129795
7129861
7129866
7129871
7129950
7136271
7139104
7139446
7139447
7139448
7139473
7139487
7139498
7139509
7139541
7139553
714240
7142985
7145415
7145649
7148559
7148560
7149009
7149067
7149068
7149071
7150947
7153750
7154467
7156097
7156099
7159723
7159731
7159811
7159943
7161975
7161978
7161994
7162568
7162570
7167229
7167235
7167236
7167237
7167240
7181371
7181418
7183771
7190298
726009
7261344
7262219
7263119
7291612
7291614
7291615
7291617
7293829
7294869
7294985
729893
729896
7303149
7303152
7313504
7314059
7314354
7315333
7315335
7315339
7315340
7321856
7322010
7322732
732672
7329711
7330306
7330609
7332430
7333230
7333819
7334718
7335593
7335594
7336798
7336802
7336847
7336848
7336849
7336850
7336851
7336854
7337005
7337126
7338672
7343261
7350576
7350577
7350815
7354133
7354144
7354146
7354338
7354868
7355151
7355679
7357653
7359558
7360936
7361768
7361980
7361981
7361982
7361983
7362238
7362242
7362243
7362274
7362277
7362465
7362467
7362468
7362470
7364463
7364490
7364491
7364492
736526
7365434
7365454
7365455
7365456
7365640
7365670
7369750
7369857
7369905
7369906
7369910
7370545
7372625
7372981
7372984
7372989
7372990
7372996
7374581
7374582
7374583
7376275
7378931
7384530
7384535
7384536
7384537
7384538
7384539
7384542
7384544
7384545
7384550
7384678
7384710
7386632
7386633
7389830
7389840
7390347
7391118
7391119
7392915
7392916
7392919
7402464
7402840
7403370
7405532
7405992
7405998
7410801
7410807
7411391
7411392
7412308
7413842
7422021
7422027
7422029
7422642
7422644
743312
7433987
7434004
7434235
7434240
7434243
7434246
7434249
7434250
7434253
7434260
7434263
7434639
7435375
743603
743604
743609
743620
743630
743640
7437102
7437103
7437104
7437105
7437452
7437453
7437817
7437986
7437987
7437988
7439791
7439792
7439793
7439794
7440228
7442145
7442150
7442152
7442175
7442178
7443530
7444203
7444205
7444206
7444208
7444209
7444212
7450133
7451691
7460970
7462037
7462790
7463141
746471
746473
747140
747144
7471580
7472703
7472704
7472705
7472753
7472764
7474649
7474650
7483737
7486470
7488463
7489214
7492777
7500323
7500326
7500329
7500333
7500340
7500596
7502668
7502669
7502677
7502681
7503311
7503691
7505034
7509098
7509239
7510173
7510176
7511401
7511485
7514309
7514310
7514786
7514793
7514795
7514808
7514817
7514819
7514821
7514822
7514830
7514834
7514882
7514891
7515103
7515105
7515117
7515119
7515120
7515121
7515125
7515686
7516827
7516896
7519726
752123
7529931
7530146
7530148
7530149
7530150
7530151
7530155
7530157
7530158
7530159
7530161
7532092
7532919
7533108
7533110
7533182
7533242
7533288
7533292
7533303
7533430
7533513
7534410
7534411
7548241
7548244
7549038
7549039
7550285
7550292
7550294
7550295
7550298
7550299
7550300
7550302
7550304
7550305
7550309
7550314
7551087
7551088
7551089
755590
7560084
7560085
7560086
7560087
7560091
7560093
7560094
7560095
7560097
7560099
7560492
7561172
7562634
7562642
7562655
7563098
756672
756873
7571890
7571918
7571930
7572003
7573557
7576173
7576179
7576181
7580601
7580602
7581806
7582522
7585500
7585501
7587121
7587122
7588672
7597891
7598129
7598177
7598179
7598185
7602375
7602379
7602395
7607440
7609055
7609059
7609061
761006
761007
7610359
7610360
7610361
7611090
7611091
7611809
7621321
7621322
7621323
7621324
7625558
762761
762767
762791
762793
7635816
7642382
7642391
7642392
7648528
7648530
7648531
7648918
7648992
7648993
7648995
7649011
7649014
7649018
7649019
7649020
7649036
7649048
7649050
7649595
7651283
7651363
7651451
7656300
7656302
7656303
7656660
7661204
7662336
7662341
7662343
7664038
7664948
7666243
7666244
7666582
7666583
7666585
7666586
7666587
7666588
7666709
7666710
7667656
7667657
7667658
7667659
7667660
7667661
7667662
7667663
7667664
7667666
7667667
7667668
7667672
7669701
7670640
7670650
7670651
7673628
7673837
7675259
7687138
7687139
7687140
7687141
7689483
7689517
7689567
7695385
7695395
7695458
7701968
7704959
7706705
7707468
7709092
7709093
7710752
7710857
7721114
7721121
7721122
7721125
7721127
7722468
7722587
772383
7725986
7753090
7754835
7769820
7779505
7783095
778664
778666
7790804
7795012
7802119
7802120
7802706
7810206
7810207
7817046
7817047
7818137
7818617
7847181
7849885
7855410
7859756
7861048
7861059
7862480
7863211
7865412
7865413
7865737
7865742
7865746
7867213
7867787
7867788
7867792
7868192
7870783
7875766
7876666
7877836
7882361
7883159
7883205
7887283
789125
7892796
789446
789447
789448
7895031
7895521
7904436
7904807
7905543
7909352
7911876
7911996
7911998
7915498
7915586
7915587
7915590
7917447
7917599
7917602
7937324
7937538
7980276
7980769
7980780
7980781
7980782
7985850
7985851
7985852
7985853
7986153
7987067
798911
798912
7994579
799889
7999964
7999966
7999967
806955
811876
811908
811945
813556
824919
826278
826279
827523
827537
827537
827538
827539
827555
827566
828572
830048
830048
830048
830048
830297
830302
830315
834922
834936
835164
836785
837563
840005
844470
848652
848653
848657
848658
848659
848660
848661
848663
848669
848672
848673
848681
848690
848691
848708
848709
850149
851316
851345
851397
851404
851410
851444
851931
851965
852249
853243
853243
853748
853755
861054
863184
863184
863200
863200
863200
864671
865075
865076
866132
868633
868813
870320
870321
870870
875109
884785
889189
889263
890175
890864
890885
890887
890989
899770
899774
9000971
9019890
9035990
9038689
9039451
9039455
9045670
9045671
9045674
9045675
9045705
906124
9061724
9062375
9062376
9062377
9063406
906353
906354
906355
9068943
9068944
9069747
9071185
9071187
9071189
9071190
9071198
9071199
9071200
9071202
9071203
9071464
9071465
9071466
9071467
9076288
9076289
9078617
9078618
9080900
9081178
9083014
9083066
9084362
9084364
9084371
9086778
9086781
9086782
9088135
9093783
9093784
9093786
9093985
9096156
9096720
9096777
9096778
9099853
9099871
9099873
9101244
9115305
9115443
9115477
9116002
9116006
9123792
9123794
9123795
9123796
9123797
9129524
9129527
9129531
9129909
9130230
913214
913235
9143796
9149029
9149030
9156161
9156277
9157063
9159489
9159490
9159491
9164369
9165896
9171036
9176769
9176847
9177893
9178150
9178185
9178189
9178216
9193759
9194076
9200824
9200830
9200831
9200841
9200842
9200843
9200844
9200845
9200852
9200854
920753
9209910
9209974
9210603
9210619
9212349
9212829
9213339
9213340
9213625
9213627
9213635
9213636
9213657
9214537
9214850
9214865
9215748
9215768
9215774
9216857
9226443
9227268
9227308
9227309
9227310
9227314
9227322
9228222
9228269
9228553
9228605
9228606
9228634
9228636
9228637
9231392
9231393
9231799
9232316
9232699
9232700
9232721
9236586
9240186
9240387
9243791
9243987
9243990
9243991
9244008
9244009
9244634
9246670
9246671
9246672
9246738
9250743
9257814
9259401
9259404
9259422
9259423
9259431
926177
9264516
9264517
9264518
9264519
9265013
9266523
9269313
9269314
9270892
9273036
9278794
9278796
9279891
9282068
928774
9292700
9292703
9292704
9292711
9292712
9292713
9295610
9295630
9295631
9295632
9295633
9298566
9298698
9302494
9304510
9309327
9312823
9313619
9314007
9314008
9314009
9315124
9316235
9316985
9317004
9317005
9317010
9317030
9317045
9317047
9317051
9317065
9317070
9321171
9323694
9326597
9326602
9330034
9331289
9331290
9331291
9332217
9334673
9335262
9335857
9335927
9335930
9338866
9340086
9342664
9346428
9346429
9346430
9346684
9346737
9347904
9348087
9348088
9348093
9348102
9348105
9348190
9348433
9348434
9348435
9348436
9348437
9350377
9350378
9350608
9350609
9352467
9352468
9352469
9354612
9354643
9354644
9355236
9355248
9355250
9361544
9361553
9364360
9365062
9365064
9365065
9365066
9370265
9373219
9373253
9373256
9373257
9377167
9377278
9377283
9377285
9377287
9377627
9378636
9378670
9378671
9380003
9380004
9380646
9380647
9381495
9381497
9381501
9381503
9381508
9381517
9382072
9382075
9383134
9383454
9383455
9383457
9383580
9383958
9388130
9397710
9399961
9399964
9399965
9403877
9404073
9404074
9404076
9408621
9408993
9410177
9411041
9411042
9411043
9412746
9415592
9415604
9416010
9416012
9417688
9417728
9418734
9423128
9423204
9425920
9426263
9426264
9426715
9438969
9438973
9442652
9446110
9447557
9448252
9448253
9448255
944883
9448941
9454979
9454981
9457958
9458160
9458167
9458233
9458846
9459014
9459155
9459156
9460968
9462764
9462765
9462766
9464092
9464195
9467674
9467676
9467685
9467693
9468093
9469783
9469798
9471014
9471016
9471359
948104
9482628
9482635
9482636
9482775
9484001
9484002
9484706
9485654
9490328
9492893
9492939
9492940
9492942
9492943
9492944
9493377
9493378
9496284
9497866
9497867
9497868
9497869
9497870
9497871
9497872
9497873
9497874
9497875
9497876
9497877
9497878
9498131
9498402
9500089
9504033
9504034
9504039
9504043
9504044
9504045
9512090
9512772
9513511
9513513
9513912
9513913
9513914
9513916
9515018
9515266
9519599
9519768
9521375
9521376
9525972
9535004
9535006
9535348
9535451
9541908
9542350
9542489
9543709
9546296
9556920
9556921
9556936
9558618
9559596
9567554
9568102
9568103
9568106
9568107
9568108
9568110
9568113
9568117
9568118
9568119
9570916
9572364
9574999
9579982
9579983
9579984
9581105
9586654
9586656
9586658
958724
9590571
9592070
9596587
9596612
9597059
9597112
9598292
9599384
9600691
9601886
9603687
9603689
9603690
9603693
9603694
9603695
9603696
9603697
9603699
9603985
9603986
9604977
9604978
9605153
9605209
9606607
9608765
9608773
9613248
9613251
9613350
9614673
9616813
9622135
9622136
9622137
9622141
9622142
9622143
9622253
9622847
9622855
9622857
9623649
9623651
9623986
9624015
9626076
9626173
9626174
9626175
9626510
9629254
9629256
9629259
9629264
9629265
9629266
9631127
9632219
9643026
9643318
9643329
9644186
9645318
9645319
9653174
9653177
9653178
9653179
9653185
9653214
9655632
9655635
9657694
9657695
9660621
9660994
9667302
9672064
967719
9679477
9679478
9679488
9679489
9679490
9681412
9682327
9682373
9683066
9684267
9685863
9686404
9687224
9687225
9687226
9687229
9687230
9688016
9690579
9690580
9691241
9691243
9694971
9694975
9694982
9694985
9695210
9695214
9695216
9695336
9698981
9700854
9706056
9706161
9706163
9711447
9711448
9711449
9712308
9713911
9715148
9715363
9716176
9716177
9716387
9716389
9716843
9717505
9717524
9717965
971852
9720694
9723372
9723373
9724598
9724604
9724607
9724608
9724609
9724610
9730642
9730658
9730659
9730660
9730661
9730662
9730663
9730664
9730665
9730666
9730667
9730668
9730669
9730776
9730778
9730779
9730785
9730786
9730789
9730790
9730794
9730797
9730800
9730802
9730803
9747133
9748881
9756676
9760096
9760611
9760613
9760614
9760615
9760616
9760617
9760619
9764363
9767175
9768385
9771175
9772218
9772219
9772235
9772240
9772241
9772249
9772250
9772405
977881
9783959
9783981
9783983
9785286
9785314
9785329
9787538
9789576
9789577
9791959
9791961
9792104
9792107
9794809
9794810
9797064
9797372
9799763
9804008
9807363
9814004
9814006
9814008
9814012
9815566
9815606
9815661
9815663
9815664
9816481
9816484
9816487
9823631
9824106
9824107
9824465
9826083
9828773
9828774
9829428
9829449
9829455
9834639
9834640
9834641
9838749
9838750
9840955
9842627
9843165
9847821
9848213
9850333
9850334
9852994
9854386
9862410
9862467
9863213
9864963
9867301
9867302
9867422
9870724
9870727
9870728
9872544
9872547
9872551
9873221
9873222
9874949
9874988
9877251
9877252
9878584
9878585
9883752
9883753
9883783
9887003
9889731
9889732
9890764
9892504
9896341
9896342
9896380
9898900
9898901
9899216
9899219
9899220
9899226
9899227
9899228
9899229
9899230
9899803
9905718
9906249
9909154
9909155
9909158
9909189
9909232
9910597
9910598
9910599
9911445
9911447
9911449
9911453
9912925
9913686
9913687
9914882
9914883
9916084
9916085
9916088
9916324
9919062
9920105
9920106
9920273
9920274
9924891
9924896
9924900
9924901
9924902
9924903
9925895
9925896
992726
9927776
992801
9929597
9930032
9930915
9932440
9936438
9936439
9936676
9936678
9936808
9936811
9936813
9936814
9936815
9936816
9936817
9936818
9936820
9936821
9936823
9938601
9938832
9939262
9940014
9940032
9940042
9942204
9945180
9945280
9946293
9946298
9946581
9947112
9949456
9949651
9951341
9951448
9951451
9952791
9953538
9953943
9953944
