10327591
7508093
7508095
7508096
1124382
9867432
9319949
6775364
10534473
9176885
10325518
667621
9671160
6851786
10470236
9214847
9905640
9020864
10128088
10650885
10840165
10327606
10745128
10745128
4352146
9729836
6847701
6847701
7876091
7811524
6915358
10228983
9660994
2813037
9422351
10532635
10666484
299524
1987363
10026317
4725844
4725844
4352433
9226044
9279557
9573024
4197271
10772386
10653557
10463269
10470089
3807359
3021108
10508028
10508038
156881
7710752
4766002
2667964
10366566
4280894
9915696
9915698
7150946
3797117
5798255
2735580
7510556
10128093
10128091
10185988
10853856
10537712
5136299
9132708
5477646
9760656
9760656
2842408
10771205
10481716
7291719
9747351
10185487
10185479
10185481
10185482
10185488
5927023
2599238
10423822
10069649
5303291
10767512
9913504
9884288
5168773
761605
3195031
1813826
7111050
7111050
2329874
2329868
10085488
10085488
258923
9807295
9559123
2887407
3393426
7331777
9924364
9211178
4534078
10137854
10137854
10137854
3876329
10553231
2920435
3945464
7501094
7488303
3252608
3252608
10683113
10524286
7567389
5139247
10135916
10454612
7372624
9224473
7819179
7081853
7506588
7149019
4725100
7576781
868849
132001
7584910
10470969
6255139
127590
1136341
10499966
7656086
7656086
3653418
10745002
10181647
6256969
10767498
3590718
10318647
2989490
4058041
4352421
10499666
10767499
10767499
10470245
10402899
7836208
9629220
1094861
1320764
5177076
4559625
10150455
1161725
10563777
10792488
4296024
7869313
1041535
4655613
4655613
7334904
4591176
4738938
5368155
9436641
5443290
10697593
10670043
7782515
7720642
9508826
7454662
10458636
4826785
4544543
1244557
1935493
9314763
1090063
9870012
7983719
10716968
10872902
9930308
3370640
10323598
10837765
10423994
10662575
10824203